250000 50 30
1 0.01 0.03
1 0 1 7 33 1 A 
2 0 1 16 10 2 D 
3 1 1 19 36 4 B 
4 1 1 13 13 1 A 
5 0 1 16 38 2 C 
6 0 1 18 15 2 B 
7 1 1 12 40 4 D 
8 1 1 15 17 5 C 
9 0 1 9 2 2 A 
10 1 1 11 20 4 D 
11 1 1 6 5 3 C 
12 0 1 8 22 5 A 
13 0 1 18 39 2 D 
14 1 1 20 24 3 B 
15 1 1 7 1 5 A 
16 0 1 17 26 4 C 
17 0 1 19 4 1 B 
18 1 1 13 29 3 D 
19 0 1 16 6 4 C 
20 0 1 10 31 1 B 
21 1 2 13 8 3 D 
22 1 2 15 33 2 C 
23 0 2 9 10 4 A 
24 0 2 12 36 1 D 
25 1 2 6 13 2 B 
26 1 2 8 38 4 A 
27 0 2 18 15 3 C 
28 1 2 20 40 5 B 
29 1 2 15 17 2 A 
30 0 2 17 3 3 C 
31 0 2 19 20 5 B 
32 1 2 14 5 5 D 
33 1 2 16 22 1 C 
34 0 2 10 7 3 A 
35 1 2 13 24 5 D 
36 1 2 7 9 1 C 
37 0 2 10 27 1 A 
38 0 2 12 12 2 D 
39 1 2 6 29 4 B 
40 1 2 9 14 1 A 
41 0 3 18 31 2 C 
42 0 3 20 8 2 B 
43 1 3 15 33 4 D 
44 0 3 17 11 5 C 
45 0 3 20 36 2 B 
46 1 3 14 13 4 D 
47 1 3 16 38 3 C 
48 0 3 11 15 5 A 
49 0 3 13 40 2 D 
50 1 3 7 17 3 B 
51 1 3 10 3 5 A 
52 0 3 19 20 4 C 
53 1 3 7 5 1 B 
54 1 3 9 22 3 A 
55 0 3 18 7 4 C 
56 0 3 6 24 1 B 
57 1 3 15 9 1 D 
58 1 3 17 27 2 C 
59 0 3 12 12 4 A 
60 0 3 14 29 1 D 
61 1 4 16 14 2 B 
62 0 4 11 31 2 A 
63 0 4 13 16 3 D 
64 1 4 8 33 5 B 
65 1 4 10 19 2 A 
66 0 4 19 36 3 C 
67 0 4 7 21 3 B 
68 1 4 9 38 5 D 
69 1 4 18 23 1 C 
70 0 4 6 40 3 A 
71 1 4 15 25 5 D 
72 1 4 18 3 4 C 
73 0 4 12 20 1 A 
74 0 4 14 5 2 D 
75 1 4 9 22 4 B 
76 1 4 11 7 1 A 
77 0 4 13 24 5 C 
78 1 4 8 10 2 B 
79 1 5 10 27 4 A 
80 0 5 20 12 5 C 
81 0 5 7 29 2 B 
82 1 5 16 14 2 D 
83 1 5 19 31 3 C 
84 0 5 6 16 5 A 
85 0 5 15 34 2 D 
86 1 5 18 19 3 B 
87 0 5 12 36 3 A 
88 0 5 15 21 4 D 
89 1 5 9 38 1 B 
90 1 5 11 23 3 A 
91 0 5 14 40 4 C 
92 0 5 8 26 4 B 
93 1 5 10 3 1 D 
94 1 5 20 28 2 C 
95 0 5 7 5 4 A 
96 1 5 17 30 1 D 
97 1 5 19 7 5 C 
98 0 5 13 32 2 A 
99 0 6 16 10 3 D 
100 1 6 18 35 5 B 
101 1 6 12 12 2 A 
102 0 6 15 29 1 C 
103 0 6 9 14 3 B 
104 1 6 12 31 5 D 
105 0 6 6 16 1 C 
106 0 6 8 34 3 B 
107 1 6 11 19 3 D 
108 1 6 20 36 4 C 
109 0 6 7 21 1 A 
110 0 6 17 38 2 D 
111 1 6 19 23 4 B 
112 1 6 14 40 4 A 
113 0 6 16 26 5 C 
114 1 6 10 3 2 B 
115 1 6 13 28 4 A 
116 0 6 15 5 5 C 
117 0 6 9 30 5 B 
118 1 6 12 7 2 D 
119 1 6 6 33 3 C 
120 0 7 9 10 5 A 
121 1 7 18 35 1 D 
122 1 7 20 12 1 B 
123 0 7 8 37 3 A 
124 0 7 17 14 4 D 
125 1 7 19 39 1 B 
126 1 7 14 17 3 A 
127 0 7 16 2 2 C 
128 0 7 11 19 4 B 
129 1 7 13 4 1 D 
130 0 7 15 21 2 C 
131 0 7 10 38 4 B 
132 1 7 12 23 4 D 
133 1 7 6 1 5 C 
134 0 7 9 26 2 A 
135 0 7 18 3 3 D 
136 1 7 6 28 5 B 
137 1 7 15 5 5 A 
138 0 7 17 30 1 C 
139 1 8 20 7 3 B 
140 1 8 14 33 5 A 
141 0 8 16 10 1 C 
142 0 8 11 35 1 B 
143 1 8 13 12 3 D 
144 1 8 8 37 4 C 
145 0 8 10 14 1 A 
146 0 8 12 39 2 D 
147 1 8 7 17 2 B 
148 0 8 9 2 4 A 
149 0 8 18 19 5 D 
150 1 8 6 4 2 B 
151 1 8 15 21 4 A 
152 0 8 17 6 5 C 
153 0 8 20 23 5 B 
154 1 8 14 9 2 D 
155 0 8 17 26 3 C 
156 0 8 11 11 5 A 
157 1 8 13 28 1 D 
158 1 8 8 13 1 C 
159 0 8 10 30 3 A 
160 0 8 19 8 4 D 
161 1 9 7 33 1 B 
162 1 9 9 10 3 A 
163 0 9 19 35 2 C 
164 1 9 6 12 4 B 
165 1 9 15 37 1 D 
166 0 9 18 14 2 C 
167 0 9 12 40 4 B 
168 1 9 14 17 4 D 
169 1 9 17 2 5 C 
170 0 9 11 19 2 A 
171 0 9 14 4 3 D 
172 1 9 8 21 5 B 
173 0 9 10 6 5 A 
174 0 9 20 24 1 D 
175 1 9 7 9 3 B 
176 1 9 16 26 5 A 
177 0 9 19 11 1 C 
178 0 9 6 28 1 B 
179 1 9 16 13 3 D 
180 1 10 18 30 4 C 
181 0 10 12 16 1 A 
182 1 10 15 33 2 D 
183 1 10 9 18 2 C 
184 0 10 11 35 4 A 
185 0 10 14 20 5 D 
186 1 10 8 37 2 B 
187 1 10 11 22 4 A 
188 0 10 20 40 3 C 
189 0 10 7 17 5 B 
190 1 10 17 2 2 D 
191 0 10 19 19 3 C 
192 0 10 6 4 5 B 
193 1 10 16 21 4 D 
194 1 10 18 6 1 C 
195 0 10 13 24 3 A 
196 0 10 15 9 4 D 
197 1 10 9 26 1 B 
198 0 10 12 11 1 A 
199 0 10 6 28 2 C 
200 1 10 8 13 4 B 
201 1 11 11 31 1 A 
202 0 11 20 16 2 C 
203 0 11 8 33 2 B 
204 1 11 17 18 4 D 
205 1 11 19 35 5 C 
206 0 11 14 20 2 A 
207 1 11 16 37 3 D 
208 1 11 18 23 3 B 
209 0 11 13 40 5 A 
210 0 11 15 25 1 D 
211 1 11 10 2 3 B 
212 1 11 12 27 5 A 
213 0 11 6 4 4 C 
214 0 11 9 29 1 B 
215 1 11 11 7 3 D 
216 0 11 20 32 4 C 
217 0 11 8 9 1 B 
218 1 11 17 26 5 D 
219 1 11 20 11 2 C 
220 0 11 14 28 4 A 
221 0 11 16 13 5 D 
222 1 12 11 31 2 B 
223 1 12 13 16 2 A 
224 0 12 15 33 3 C 
225 1 12 10 18 5 B 
226 1 12 12 35 2 A 
227 0 12 7 20 3 C 
228 0 12 9 37 3 B 
229 1 12 18 23 4 D 
230 1 12 6 40 1 C 
231 0 12 8 25 3 A 
232 0 12 17 2 4 D 
233 1 12 20 27 4 B 
234 0 12 14 4 1 A 
235 0 12 17 29 2 D 
236 1 12 11 7 4 B 
237 1 12 13 32 1 A 
238 0 12 8 9 5 C 
239 0 12 10 34 2 B 
240 1 12 12 11 4 D 
241 0 13 7 36 5 C 
242 0 13 9 14 2 A 
243 1 13 18 39 1 D 
244 1 13 6 16 3 C 
245 0 13 15 1 5 A 
246 0 13 18 18 1 D 
247 1 13 20 35 3 B 
248 1 13 14 20 3 A 
249 0 13 17 38 4 C 
250 1 13 11 23 1 B 
251 1 13 13 40 3 D 
252 0 13 8 25 4 C 
253 0 13 10 2 4 B 
254 1 13 13 27 5 D 
255 1 13 7 4 2 C 
256 0 13 9 30 4 A 
257 0 13 19 7 5 D 
258 1 13 6 32 5 B 
259 0 13 15 9 2 A 
260 0 13 18 34 3 C 
261 1 13 12 11 5 B 
262 1 14 15 36 2 A 
263 0 14 17 14 1 C 
264 0 14 11 39 3 B 
265 1 14 14 16 4 D 
266 1 14 8 1 1 C 
267 0 14 10 18 3 A 
268 1 14 20 3 2 D 
269 1 14 7 20 4 C 
270 0 14 10 6 1 A 
271 0 14 19 23 2 D 
272 1 14 6 8 4 B 
273 1 14 16 25 4 A 
274 0 14 18 10 5 C 
275 0 14 12 27 2 B 
276 1 14 15 4 4 D 
277 0 14 17 30 5 C 
278 0 14 12 7 5 B 
279 1 14 14 32 1 D 
280 1 14 8 9 3 C 
281 0 15 11 34 5 A 
282 0 15 20 11 1 D 
283 1 15 7 37 3 B 
284 0 15 17 14 3 A 
285 0 15 19 39 4 C 
286 1 15 7 16 1 B 
287 1 15 16 1 3 A 
288 0 15 18 18 4 C 
289 0 15 13 3 4 B 
290 1 15 15 21 5 D 
291 1 15 9 6 2 C 
292 0 15 12 23 4 A 
293 1 15 14 8 5 D 
294 1 15 9 25 5 B 
295 0 15 11 10 2 A 
296 0 15 20 27 3 D 
297 1 15 8 13 5 B 
298 1 15 17 30 2 A 
299 0 15 19 15 1 C 
300 0 16 7 32 3 B 
301 1 16 16 17 4 D 
302 0 16 19 34 1 C 
303 0 16 13 19 3 A 
304 1 16 15 37 2 D 
305 1 16 10 14 4 C 
306 0 16 12 39 1 A 
307 0 16 6 16 2 D 
308 1 16 9 1 4 B 
309 1 16 11 18 4 A 
310 0 16 6 3 5 C 
311 1 16 8 21 2 B 
312 1 16 17 6 3 A 
313 0 16 20 23 5 C 
314 0 16 14 8 5 B 
315 1 16 16 25 1 D 
316 1 16 19 10 3 C 
317 0 16 13 27 5 A 
318 1 16 16 13 1 D 
319 1 16 10 30 1 B 
320 0 16 12 15 3 A 
321 0 17 7 32 4 D 
322 1 17 9 17 1 B 
323 1 17 18 34 3 A 
324 0 17 6 20 2 C 
325 0 17 8 37 4 B 
326 1 17 17 22 5 D 
327 0 17 20 39 2 C 
328 0 17 14 24 4 A 
329 1 17 17 1 3 D 
330 1 17 11 26 5 C 
331 0 17 13 4 2 A 
332 0 17 16 29 3 D 
333 1 17 10 6 5 B 
334 1 17 12 23 5 A 
335 0 17 7 8 1 C 
336 1 17 9 25 3 B 
337 1 17 19 10 4 D 
338 0 17 6 28 1 C 
339 0 17 8 13 1 B 
340 1 18 18 30 2 D 
341 1 18 20 15 4 C 
342 0 18 14 32 1 A 
343 0 18 17 17 2 D 
344 1 18 11 34 2 B 
345 0 18 14 20 4 A 
346 0 18 8 37 5 C 
347 1 18 10 22 2 B 
348 1 18 13 39 3 A 
349 0 18 7 24 3 C 
350 0 18 9 1 5 B 
351 1 18 19 26 1 D 
352 1 18 6 4 3 C 
353 0 18 16 29 5 A 
354 1 18 18 6 4 D 
355 1 18 20 31 1 B 
356 0 18 15 8 3 A 
357 0 18 17 33 4 D 
358 1 18 11 10 1 B 
359 1 18 14 36 1 A 
360 0 19 8 13 2 C 
361 1 19 11 38 4 B 
362 1 19 13 15 5 D 
363 0 19 7 40 2 C 
364 0 19 10 17 2 B 
365 1 19 19 35 3 D 
366 1 19 6 20 5 C 
367 0 19 16 37 2 A 
368 0 19 18 22 3 D 
369 1 19 13 39 3 B 
370 0 19 15 24 5 A 
371 0 19 17 1 1 C 
372 1 19 12 27 3 B 
373 1 19 14 4 4 A 
374 0 19 8 29 4 C 
375 0 19 11 6 1 B 
376 1 19 20 31 2 D 
377 1 19 8 8 4 C 
378 0 19 10 33 1 A 
379 1 19 19 11 5 D 
380 1 20 7 36 2 B 
381 0 20 16 13 4 A 
382 0 20 18 38 5 D 
383 1 20 13 15 2 B 
384 1 20 15 40 1 A 
385 0 20 10 17 3 C 
386 0 20 12 3 5 B 
387 1 20 14 20 1 D 
388 0 20 9 5 3 C 
389 0 20 11 22 3 A 
390 1 20 20 7 4 D 
391 1 20 8 24 1 C 
392 0 20 17 9 3 A 
393 0 20 20 27 4 D 
394 1 20 7 4 4 B 
395 1 20 16 29 1 A 
396 0 20 19 6 2 C 
397 1 20 13 31 4 B 
398 1 20 15 8 5 D 
399 0 20 10 33 5 C 
400 0 21 12 11 2 B 
401 1 21 15 36 3 D 
402 1 21 9 13 5 C 
403 0 21 11 38 2 A 
404 1 21 6 15 1 D 
405 1 21 8 40 3 B 
406 0 21 17 18 5 A 
407 0 21 20 3 1 D 
408 1 21 14 20 3 B 
409 1 21 17 5 4 A 
410 0 21 19 22 4 C 
411 0 21 13 7 1 B 
412 1 21 16 24 2 D 
413 0 21 10 10 4 C 
414 0 21 12 27 1 A 
415 1 21 7 12 5 D 
416 1 21 9 29 2 C 
417 0 21 11 14 4 A 
418 0 21 6 31 5 D 
419 1 21 8 16 2 B 
420 1 21 18 34 1 A 
421 0 22 20 19 3 C 
422 1 22 14 36 5 B 
423 1 22 17 13 1 D 
424 0 22 19 38 3 C 
425 0 22 13 15 3 B 
426 1 22 16 40 4 D 
427 1 22 10 18 1 C 
428 0 22 13 3 3 A 
429 0 22 7 20 4 D 
430 1 22 9 5 4 B 
431 0 22 19 22 1 A 
432 0 22 6 7 2 C 
433 1 22 8 24 4 B 
434 1 22 18 10 5 A 
435 0 22 20 27 5 C 
436 0 22 15 12 2 B 
437 1 22 17 29 3 D 
438 1 22 11 14 5 C 
439 0 22 14 31 2 A 
440 1 22 16 16 1 D 
441 1 22 10 34 3 B 
442 0 23 13 19 5 A 
443 0 23 7 36 1 D 
444 1 23 10 21 3 B 
445 1 23 19 38 2 A 
446 0 23 6 23 4 C 
447 1 23 16 1 1 B 
448 1 23 18 26 2 D 
449 0 23 20 3 4 C 
450 0 23 15 28 4 A 
451 1 23 17 5 5 D 
452 1 23 12 22 2 C 
453 0 23 14 7 4 A 
454 0 23 8 25 5 D 
455 1 23 11 10 5 B 
456 0 23 13 27 1 A 
457 0 23 7 12 3 C 
458 1 23 10 29 5 B 
459 1 23 19 14 1 A 
460 0 23 7 31 1 C 
461 0 23 16 17 3 B 
462 1 24 18 34 4 D 
463 1 24 6 19 1 C 
464 0 24 15 36 3 A 
465 1 24 17 21 2 D 
466 1 24 12 38 4 B 
467 0 24 14 23 5 A 
468 0 24 9 1 2 D 
469 1 24 11 26 4 B 
470 1 24 20 3 3 A 
471 0 24 8 28 5 C 
472 0 24 10 5 2 B 
473 1 24 19 30 3 D 
474 0 24 7 7 5 C 
475 0 24 16 33 5 A 
476 1 24 19 10 1 D 
477 1 24 13 35 3 C 
478 0 24 15 12 5 A 
479 0 24 18 37 1 D 
480 1 24 12 14 1 B 
481 0 24 14 31 2 A 
482 0 25 9 17 4 C 
483 1 25 11 34 1 B 
484 1 25 6 19 2 D 
485 0 25 8 36 2 C 
486 0 25 10 21 4 B 
487 1 25 20 38 5 D 
488 1 25 7 24 2 C 
489 0 25 16 1 4 A 
490 1 25 19 26 3 D 
491 1 25 13 3 5 B 
492 0 25 16 28 1 A 
493 0 25 10 5 3 C 
494 1 25 12 30 5 B 
495 1 25 15 8 4 A 
496 0 25 9 33 1 C 
497 0 25 11 10 3 B 
498 1 25 6 35 4 D 
499 0 25 8 12 1 C 
500 0 25 18 37 1 A 
501 1 25 20 14 2 D 
502 1 26 7 40 4 C 
503 0 26 17 17 5 A 
504 0 26 19 2 2 D 
505 1 26 13 19 2 B 
506 1 26 16 4 3 A 
507 0 26 10 21 5 C 
508 1 26 12 6 2 B 
509 1 26 15 24 3 D 
510 0 26 9 1 3 C 
511 0 26 12 26 5 B 
512 1 26 6 3 1 D 
513 1 26 8 28 3 C 
514 0 26 18 5 5 A 
515 0 26 20 30 4 D 
516 1 26 14 8 1 B 
517 0 26 17 33 2 A 
518 0 26 19 10 4 C 
519 1 26 14 35 1 B 
520 1 27 16 12 5 A 
521 0 27 10 37 2 C 
522 0 27 13 14 4 B 
523 1 27 7 40 5 D 
524 0 27 9 17 2 C 
525 0 27 12 2 2 A 
526 1 27 6 19 3 D 
527 1 27 9 4 5 B 
528 0 27 18 21 1 A 
529 0 27 20 7 3 D 
530 1 27 15 24 3 B 
531 1 27 17 9 4 A 
532 0 27 11 26 1 C 
533 1 27 14 11 3 B 
534 1 27 16 28 4 D 
535 0 27 11 13 4 C 
536 0 27 13 31 1 A 
537 1 27 7 16 2 D 
538 1 27 10 33 4 C 
539 0 27 19 10 5 A 
540 0 27 6 35 2 D 
541 1 27 9 12 2 B 
542 0 28 18 37 3 A 
543 0 28 6 15 5 C 
544 1 28 15 40 2 B 
545 1 28 17 17 3 A 
546 0 28 12 2 3 C 
547 0 28 14 19 5 B 
548 1 28 16 4 1 D 
549 1 28 11 21 3 C 
550 0 28 13 7 5 A 
551 1 28 8 24 4 D 
552 1 28 10 9 1 B 
553 0 28 19 26 2 A 
554 0 28 7 11 4 D 
555 1 28 16 28 1 B 
556 1 28 18 13 5 A 
557 0 28 6 31 2 C 
558 0 28 15 16 4 B 
559 1 28 18 33 5 D 
560 0 28 12 18 2 C 
561 0 29 14 35 2 A 
562 1 29 9 20 3 D 
563 1 29 11 37 5 C 
564 0 29 13 23 1 A 
565 0 29 8 40 3 D 
566 1 29 10 25 3 B 
567 0 29 20 2 4 A 
568 0 29 7 19 1 C 
569 1 29 16 4 3 B 
570 1 29 19 22 4 D 
571 0 29 6 7 4 C 
572 0 29 15 24 1 B 
573 1 29 18 9 2 D 
574 1 29 12 26 4 C 
575 0 29 15 11 5 A 
576 1 29 9 28 5 D 
577 1 29 11 14 2 B 
578 0 29 6 31 3 A 
579 0 30 8 16 5 C 
580 1 30 10 33 2 B 
581 1 30 20 18 1 A 
582 0 30 7 35 3 C 
583 0 30 17 20 5 B 
584 1 30 19 38 1 D 
585 0 30 13 23 3 C 
586 0 30 16 40 3 A 
587 1 30 18 25 4 D 
588 1 30 12 2 1 B 
589 0 30 15 27 2 A 
590 0 30 9 4 4 D 
591 1 30 12 30 4 B 
592 1 30 6 7 5 A 
593 0 30 8 32 2 C 
594 1 30 18 9 4 B 
595 1 30 20 34 5 D 
596 0 30 7 11 5 C 
597 0 30 17 28 2 B 
598 1 30 19 14 3 D 
599 1 31 13 31 5 C 
600 0 31 16 16 1 A 
601 0 31 10 33 1 D 
602 1 31 13 18 3 B 
603 0 31 15 35 4 A 
604 0 31 9 20 1 C 
605 1 31 12 38 3 B 
606 1 31 6 23 2 A 
607 0 31 8 40 4 C 
608 0 31 18 25 1 B 
609 1 31 20 2 2 D 
610 0 31 8 27 4 C 
611 0 31 17 5 3 A 
612 1 31 19 30 5 D 
613 1 31 14 7 2 B 
614 0 31 16 32 3 A 
615 0 31 10 9 5 D 
616 1 31 13 34 5 B 
617 1 31 7 11 1 A 
618 0 32 10 37 3 C 
619 1 32 12 14 5 B 
620 1 32 6 39 1 D 
621 0 32 9 16 1 C 
622 0 32 18 1 3 A 
623 1 32 20 18 4 D 
624 1 32 15 3 1 C 
625 0 32 17 21 2 A 
626 0 32 20 38 2 D 
627 1 32 14 23 4 B 
628 0 32 16 40 5 A 
629 0 32 11 25 2 C 
630 1 32 13 2 4 B 
631 1 32 7 27 3 D 
632 0 32 10 5 5 C 
633 0 32 12 30 2 B 
634 1 32 7 7 3 D 
635 1 32 9 32 5 C 
636 0 32 18 9 4 A 
637 1 32 6 34 1 D 
638 1 32 15 11 3 B 
639 0 32 17 37 4 A 
640 0 33 12 14 1 D 
641 1 33 14 39 1 B 
642 1 33 17 16 2 A 
643 0 33 11 1 4 C 
644 1 33 13 18 1 B 
645 1 33 8 3 2 D 
646 0 33 10 21 2 C 
647 0 33 19 6 3 A 
648 1 33 7 23 5 D 
649 1 33 9 8 2 C 
650 0 33 19 25 3 A 
651 0 33 6 10 3 D 
652 1 33 15 28 5 B 
653 0 33 18 13 1 A 
654 0 33 12 30 3 C 
655 1 33 14 15 5 B 
656 1 33 9 32 4 D 
657 0 33 11 9 1 C 
658 0 33 14 34 2 B 
659 1 33 8 12 4 D 
660 1 34 10 37 1 C 
661 0 34 20 14 5 A 
662 1 34 7 39 2 D 
663 1 34 16 16 4 B 
664 0 34 19 1 5 A 
665 0 34 6 18 2 C 
666 1 34 16 4 2 B 
667 1 34 18 21 3 A 
668 0 34 12 6 5 C 
669 0 34 15 23 2 B 
670 1 34 9 8 3 D 
671 0 34 11 25 5 C 
672 0 34 14 10 4 A 
673 1 34 8 28 1 D 
674 1 34 11 13 3 B 
675 0 34 20 30 4 A 
676 0 34 7 15 1 D 
677 1 34 17 32 1 B 
678 1 35 19 17 2 A 
679 0 35 13 34 4 C 
680 1 35 16 20 1 B 
681 1 35 18 37 2 D 
682 0 35 12 22 2 C 
683 0 35 15 39 3 A 
684 1 35 9 24 5 D 
685 1 35 12 1 2 C 
686 0 35 6 18 3 A 
687 1 35 8 4 3 D 
688 1 35 11 21 5 B 
689 0 35 20 6 1 A 
690 0 35 7 23 3 C 
691 1 35 17 8 5 B 
692 1 35 19 25 4 A 
693 0 35 14 10 1 C 
694 0 35 16 28 2 B 
695 1 35 18 13 4 D 
696 0 35 13 30 1 C 
697 0 35 15 15 5 A 
698 1 35 9 32 2 D 
699 1 36 12 17 4 B 
700 0 36 6 35 5 A 
701 0 36 9 20 2 D 
702 1 36 18 37 2 B 
703 1 36 20 22 3 A 
704 0 36 8 39 5 C 
705 1 36 17 24 2 B 
706 1 36 19 1 3 D 
707 0 36 14 27 3 C 
708 0 36 16 4 4 A 
709 1 36 11 29 1 D 
710 1 36 13 6 3 C 
711 0 36 15 31 4 A 
712 0 36 10 8 4 D 
713 1 36 12 33 1 B 
714 0 36 6 11 2 A 
715 0 36 9 28 4 C 
716 1 36 18 13 1 B 
717 1 36 6 30 5 D 
718 0 36 8 15 2 C 
719 0 37 17 32 3 B 
720 1 37 20 17 5 D 
721 1 37 14 35 2 C 
722 0 37 16 20 1 A 
723 1 37 11 37 3 D 
724 1 37 13 22 5 B 
725 0 37 8 39 1 A 
726 0 37 10 24 3 C 
727 1 37 12 1 3 B 
728 1 37 7 27 4 A 
729 0 37 9 4 1 C 
730 1 37 18 29 2 B 
731 1 37 6 6 4 D 
732 0 37 15 31 4 C 
733 0 37 18 8 5 A 
734 1 37 20 33 2 D 
735 1 37 14 11 4 C 
736 0 37 17 36 5 A 
737 0 37 11 13 5 D 
738 1 37 13 38 2 B 
739 0 38 8 15 3 A 
740 0 38 10 40 5 C 
741 1 38 20 18 2 B 
742 1 38 7 3 1 D 
743 0 38 9 20 3 C 
744 0 38 19 37 4 B 
745 1 38 6 22 1 D 
746 1 38 15 39 3 C 
747 0 38 18 24 2 A 
748 1 38 12 2 4 D 
749 1 38 15 27 1 B 
750 0 38 17 4 2 A 
751 0 38 11 29 4 C 
752 1 38 14 6 4 B 
753 1 38 8 31 5 A 
754 0 38 10 8 2 C 
755 0 38 20 34 3 B 
756 1 38 7 11 5 D 
757 0 38 10 36 5 C 
758 0 38 19 13 1 A 
759 1 38 6 38 3 D 
760 1 39 16 15 5 B 
761 0 39 18 40 1 A 
762 0 39 12 18 1 D 
763 1 39 15 3 3 B 
764 1 39 9 20 4 A 
765 0 39 12 5 1 C 
766 1 39 14 22 2 B 
767 1 39 8 7 2 D 
768 0 39 11 24 4 C 
769 0 39 20 10 5 A 
770 1 39 7 27 2 D 
771 1 39 17 12 4 C 
772 0 39 19 29 3 A 
773 1 39 6 6 5 D 
774 1 39 16 31 2 B 
775 0 39 18 8 3 A 
776 0 39 13 34 5 C 
777 1 39 15 11 5 B 
778 1 39 9 36 1 D 
779 0 39 12 13 3 C 
780 0 40 14 38 4 B 
781 1 40 8 15 1 D 
782 0 40 11 1 1 C 
783 0 40 20 18 2 A 
784 1 40 8 3 4 D 
785 1 40 17 20 1 B 
786 0 40 19 5 2 A 
787 0 40 14 22 2 D 
788 1 40 16 7 4 B 
789 1 40 18 25 5 A 
790 0 40 13 10 2 C 
791 1 40 15 27 3 B 
792 1 40 10 12 3 D 
793 0 40 12 29 5 C 
794 0 40 6 14 1 A 
795 1 40 9 31 3 D 
796 1 40 11 17 5 C 
797 0 40 20 34 4 A 
798 0 41 8 19 1 D 
799 1 41 17 36 3 B 
800 0 41 20 21 4 A 
801 0 41 14 38 1 C 
802 1 41 16 15 2 B 
803 1 41 11 1 2 D 
804 0 41 13 18 4 C 
805 0 41 15 3 5 B 
806 1 41 10 20 2 D 
807 0 41 12 5 4 C 
808 0 41 7 22 3 A 
809 1 41 9 7 5 D 
810 1 41 18 25 2 B 
811 0 41 6 10 3 A 
812 0 41 8 27 5 C 
813 1 41 17 12 5 B 
814 1 41 20 29 1 A 
815 0 41 14 14 3 C 
816 1 41 17 31 4 B 
817 1 41 11 17 1 D 
818 0 42 13 34 1 C 
819 0 42 16 19 2 A 
820 1 42 10 36 4 D 
821 1 42 12 21 1 B 
822 0 42 7 38 2 A 
823 0 42 9 24 2 D 
824 1 42 19 1 4 B 
825 0 42 6 26 5 A 
826 0 42 15 3 2 C 
827 1 42 18 28 3 B 
828 1 42 20 5 3 D 
829 0 42 14 30 5 C 
830 0 42 17 8 1 B 
831 1 42 11 25 3 D 
832 1 42 14 10 5 C 
833 0 42 8 27 4 A 
834 1 42 10 12 1 D 
835 1 42 13 29 3 B 
836 0 42 7 14 4 A 
837 0 42 9 32 1 C 
838 1 43 19 17 5 B 
839 1 43 6 34 2 A 
840 0 43 16 19 4 C 
841 0 43 18 36 5 B 
842 1 43 20 21 2 D 
843 0 43 15 38 2 C 
844 0 43 17 24 3 A 
845 1 43 11 1 5 D 
846 1 43 14 26 2 B 
847 0 43 8 3 3 A 
848 0 43 11 28 3 D 
849 1 43 20 5 4 B 
850 0 43 7 30 1 A 
851 0 43 10 8 3 C 
852 1 43 19 33 4 B 
853 1 43 6 10 4 D 
854 0 43 16 35 1 C 
855 0 43 18 12 2 A 
856 1 43 13 37 4 D 
857 1 43 15 14 1 C 
858 0 44 17 40 5 A 
859 1 44 12 17 2 D 
860 1 44 14 34 4 B 
861 0 44 8 19 5 A 
862 0 44 11 36 2 C 
863 1 44 20 21 1 B 
864 1 44 7 39 3 D 
865 0 44 10 24 5 C 
866 0 44 19 1 1 B 
867 1 44 7 26 3 D 
868 0 44 16 3 3 C 
869 0 44 18 28 4 A 
870 1 44 13 5 1 D 
871 1 44 15 31 3 B 
872 0 44 9 8 4 A 
873 0 44 12 33 4 C 
874 1 44 14 10 5 B 
875 1 44 9 35 2 A 
876 0 44 11 12 4 C 
877 1 44 20 37 5 B 
878 1 44 8 15 5 D 
879 0 45 17 40 2 C 
880 0 45 19 17 3 A 
881 1 45 7 2 5 D 
882 1 45 16 19 2 C 
883 0 45 19 4 1 A 
884 0 45 13 21 3 D 
885 1 45 15 7 4 B 
886 0 45 10 24 1 A 
887 0 45 12 9 3 C 
888 1 45 6 26 2 B 
889 1 45 9 3 4 D 
890 0 45 11 28 1 C 
891 0 45 6 5 2 B 
892 1 45 8 31 4 D 
893 0 45 17 8 4 C 
894 0 45 20 33 5 A 
895 1 45 14 10 2 D 
896 1 45 16 35 4 B 
897 0 45 19 12 5 A 
898 0 46 13 37 5 C 
899 1 46 16 15 1 B 
900 1 46 10 40 3 A 
901 0 46 12 17 5 C 
902 1 46 7 2 1 B 
903 1 46 9 19 1 D 
904 0 46 11 4 3 C 
905 0 46 6 22 4 A 
906 1 46 8 7 1 D 
907 1 46 18 24 3 B 
908 0 46 20 9 2 A 
909 0 46 14 26 4 D 
910 1 46 17 11 5 B 
911 0 46 11 28 2 A 
912 0 46 13 14 4 C 
913 1 46 16 31 3 B 
914 1 46 10 16 5 D 
915 0 46 13 33 2 C 
916 0 46 7 18 3 A 
917 1 46 9 35 5 D 
918 1 46 19 12 5 C 
919 0 47 6 38 1 A 
920 1 47 8 15 3 D 
921 1 47 18 40 4 B 
922 0 47 20 17 1 A 
923 0 47 15 2 1 C 
924 1 47 17 19 2 B 
925 1 47 11 4 4 A 
926 0 47 14 22 1 C 
927 1 47 16 7 2 B 
928 1 47 10 24 2 D 
929 0 47 13 9 4 C 
930 0 47 7 26 5 A 
931 1 47 10 11 2 D 
932 1 47 19 28 4 B 
933 0 47 6 14 5 A 
934 0 47 16 31 5 D 
935 1 47 18 16 1 B 
936 0 47 20 33 3 A 
937 0 47 15 18 5 C 
938 1 47 17 35 1 B 
939 1 47 12 20 1 D 
940 0 48 14 38 3 C 
941 0 48 8 23 4 A 
942 1 48 11 40 1 D 
943 1 48 13 25 3 C 
944 0 48 7 2 2 A 
945 1 48 10 27 4 D 
946 1 48 19 5 5 B 
947 0 48 7 30 2 A 
948 0 48 16 7 4 C 
949 1 48 18 24 3 B 
950 1 48 13 9 5 D 
951 0 48 15 26 2 C 
952 0 48 17 11 3 B 
953 1 48 12 29 5 D 
954 0 48 14 14 5 C 
955 0 48 8 31 1 A 
956 1 48 11 16 3 D 
957 1 48 20 33 4 B 
958 0 48 8 18 1 A 
959 0 48 10 35 1 C 
960 1 49 19 21 2 B 
961 1 49 7 38 4 A 
962 0 49 16 23 1 C 
963 1 49 18 40 2 B 
964 1 49 13 25 2 D 
965 0 49 15 2 4 C 
966 0 49 18 27 5 A 
967 1 49 12 5 2 D 
968 1 49 14 30 4 C 
969 0 49 9 7 3 A 
970 1 49 11 32 5 D 
971 1 49 20 9 1 B 
972 0 49 8 34 3 A 
973 0 49 17 11 5 C 
974 1 49 20 37 4 B 
975 1 49 7 14 1 D 
976 0 49 16 39 3 C 
977 0 49 19 16 4 B 
978 1 49 13 33 1 D 
979 0 49 15 18 1 C 
980 0 49 10 35 2 A 
981 1 49 12 21 4 D 
982 1 50 15 38 5 B 
983 0 50 9 23 2 A 
984 0 50 11 40 2 C 
985 1 50 6 25 3 B 
986 1 50 8 2 5 A 
987 0 50 17 28 2 C 
988 1 50 20 5 3 B 
989 1 50 7 30 3 D 
990 0 50 17 7 5 C 
991 0 50 19 32 1 A 
992 1 50 13 9 3 D 
993 1 50 16 34 4 B 
994 0 50 10 12 4 A 
995 0 50 12 37 1 D 
996 1 50 7 14 2 B 
997 0 50 9 39 4 A 
998 0 50 12 16 1 C 
999 1 50 6 1 5 B 
1000 1 50 8 18 2 D 
-1
