2 50 30
1 0.01 0.03
1 0 1 11 30 3 A 
2 1 2 13 7 5 D 
3 0 4 7 32 5 B 
4 0 5 10 9 1 A 
5 1 7 12 34 3 C 
6 1 8 7 12 5 B 
7 0 10 9 37 1 D 
8 0 12 18 14 1 C 
9 1 12 6 39 3 A 
10 1 13 15 16 4 D 
11 0 15 17 1 1 C 
12 1 15 20 18 2 A 
13 1 16 14 36 2 D 
14 0 18 17 21 4 B 
15 0 19 11 38 5 A 
16 1 21 13 23 2 C 
17 1 23 8 40 4 B 
18 0 24 10 25 3 D 
19 1 26 12 2 5 C 
20 1 27 7 28 2 B 
21 0 29 9 5 3 D 
22 0 32 19 30 5 C 
23 1 34 6 7 4 A 
24 1 35 15 32 1 D 
25 0 37 18 9 3 B 
26 0 38 12 34 4 A 
27 1 39 14 12 1 D 
28 0 40 17 37 1 B 
29 0 41 11 14 2 A 
30 1 43 14 39 4 C 
31 1 44 8 16 1 B 
32 0 46 10 1 2 D 
33 0 48 20 19 2 C 
34 1 49 7 4 3 A 
-1
